worker_id,job_id,status_code,latency_ms,error,response_body
0,0,200,682,,"{""trajectory_result"":[],""latency_sec"":0.6754186153411865}"
