worker_id,job_id,status_code,latency_ms,error,response_body
0,0,200,673,,0.0
